-- Sight screen logo composite pixel dump (BG+sprites)
-- Format: row of 160 hex color values (NES palette indices from gui.getpixel)
-- Position: x=48..207, y=24..39 (160x16)
-- Each value is an RGB triplet: R,G,B

ROW_00: [0,0,0|0,0,0|0,0,0|0,0,0|0,0,0|0,0,0|0,0,0|0,0,0|0,0,0|0,0,0|0,0,0|0,0,0|0,0,0|0,0,0|0,0,0|0,0,0|0,0,0|0,0,0|0,0,0|0,0,0|0,0,0|0,0,0|0,0,0|0,0,0|0,0,0|0,0,0|0,0,0|0,0,0|0,0,0|0,0,0|0,0,0|0,0,0|0,0,0|0,0,0|0,0,0|0,0,0|0,0,0|0,0,0|0,0,0|0,0,0|0,0,0|0,0,0|0,0,0|0,0,0|0,0,0|0,0,0|0,0,0|0,0,0|0,0,0|0,0,0|0,0,0|0,0,0|0,0,0|0,0,0|0,0,0|0,0,0|0,0,0|0,0,0|0,0,0|0,0,0|0,0,0|0,0,0|0,0,0|0,0,0|0,0,0|0,0,0|0,0,0|0,0,0|0,0,0|0,0,0|0,0,0|0,0,0|0,0,0|0,0,0|0,0,0|0,0,0|0,0,0|0,0,0|0,0,0|0,0,0|0,0,0|0,0,0|0,0,0|0,0,0|0,0,0|0,0,0|0,0,0|0,0,0|0,0,0|0,0,0|0,0,0|0,0,0|0,0,0|0,0,0|0,0,0|0,0,0|0,0,0|0,0,0|0,0,0|0,0,0|0,0,0|0,0,0|0,0,0|0,0,0|0,0,0|0,0,0|0,0,0|0,0,0|0,0,0|0,0,0|0,0,0|0,0,0|0,0,0|0,0,0|0,0,0|0,0,0|0,0,0|0,0,0|0,0,0|0,0,0|0,0,0|0,0,0|0,0,0|0,0,0|0,0,0|0,0,0|0,0,0|0,0,0|0,0,0|0,0,0|0,0,0|0,0,0|0,0,0|0,0,0|0,0,0|0,0,0|0,0,0|0,0,0|0,0,0|0,0,0|0,0,0|0,0,0|0,0,0|93,150,255|93,150,255|93,150,255|93,150,255|93,150,255|69,0,158|0,0,0|0,0,0|0,0,0|0,0,0|0,0,0|0,0,0|0,0,0|0,0,0|0,0,0|0,0,0|0,0,0]
ROW_01: [0,0,0|0,0,0|0,0,0|93,150,255|93,150,255|93,150,255|93,150,255|93,150,255|0,0,0|0,0,0|0,0,0|0,0,0|0,0,0|0,0,0|93,150,255|0,0,170|0,0,0|0,0,0|0,0,0|0,0,0|0,0,0|0,0,0|0,0,0|0,0,0|0,0,0|0,0,0|0,0,0|0,0,0|0,0,0|0,0,0|0,0,0|0,0,0|0,0,0|0,0,0|0,0,0|0,0,0|0,0,0|0,0,0|0,0,0|0,0,0|0,0,0|0,0,0|0,0,0|0,0,0|0,0,0|0,0,0|0,0,0|0,0,0|93,150,255|0,0,170|0,0,0|0,0,0|0,0,0|0,0,0|0,0,0|0,0,0|0,0,0|0,0,0|0,0,0|93,150,255|93,150,255|93,150,255|93,150,255|93,150,255|0,0,0|0,0,0|0,0,0|0,0,0|0,0,0|0,0,0|93,150,255|0,0,170|0,0,0|0,0,0|0,0,0|0,0,0|0,0,0|0,0,0|0,0,0|0,0,0|0,0,0|0,0,0|0,0,0|0,0,0|0,0,0|0,0,0|0,0,0|0,0,0|0,0,0|0,0,0|0,0,0|0,0,0|0,0,0|0,0,0|0,0,0|0,0,0|0,0,0|0,0,0|0,0,0|0,0,0|0,0,0|0,0,0|0,0,0|0,0,0|0,0,0|0,0,0|0,0,0|0,0,0|0,0,0|0,0,0|0,0,0|0,0,0|0,0,0|0,0,0|0,0,0|0,0,0|0,0,0|0,0,0|0,0,0|0,0,0|0,0,0|0,0,0|0,0,0|0,0,0|0,0,0|0,0,0|0,0,0|0,0,0|0,0,0|0,0,0|0,0,0|0,0,0|0,0,0|0,0,0|0,0,0|0,0,0|0,0,0|0,0,0|0,0,0|0,0,0|93,150,255|93,150,255|93,150,255|69,0,158|69,0,158|69,0,158|93,150,255|93,150,255|93,150,255|93,150,255|93,150,255|93,150,255|93,150,255|93,150,255|93,150,255|93,150,255|69,0,158|93,150,255|93,150,255|93,150,255]
ROW_02: [0,0,0|0,0,0|93,150,255|0,0,170|0,0,170|0,0,170|0,0,170|0,0,170|93,150,255|93,150,255|0,0,0|0,0,0|0,0,0|93,150,255|0,0,170|0,0,0|0,0,0|0,0,0|0,0,0|0,0,0|0,0,0|0,0,0|0,0,0|0,0,0|0,0,0|0,0,0|0,0,0|0,0,0|0,0,0|0,0,0|0,0,0|0,0,0|0,0,0|0,0,0|0,0,0|0,0,0|0,0,0|0,0,0|0,0,0|0,0,0|0,0,0|0,0,0|0,0,0|0,0,0|0,0,0|0,0,0|0,0,0|93,150,255|93,150,255|0,0,170|0,0,0|0,0,0|0,0,0|0,0,0|0,0,0|0,0,0|0,0,0|0,0,0|93,150,255|0,0,170|0,0,170|0,0,170|0,0,170|0,0,170|93,150,255|93,150,255|0,0,0|0,0,0|0,0,0|93,150,255|0,0,170|0,0,0|0,0,0|0,0,0|0,0,0|0,0,0|0,0,0|0,0,0|0,0,0|0,0,0|0,0,0|0,0,0|0,0,0|0,0,0|0,0,0|0,0,0|0,0,0|0,0,0|0,0,0|0,0,0|0,0,0|0,0,0|0,0,0|0,0,0|0,0,0|0,0,0|0,0,0|0,0,0|0,0,0|0,0,0|0,0,0|0,0,0|0,0,0|0,0,0|0,0,0|0,0,0|0,0,0|0,0,0|0,0,0|0,0,0|0,0,0|0,0,0|0,0,0|0,0,0|0,0,0|0,0,0|0,0,0|0,0,0|0,0,0|0,0,0|0,0,0|0,0,0|0,0,0|0,0,0|0,0,0|0,0,0|0,0,0|0,0,0|0,0,0|0,0,0|0,0,0|0,0,0|0,0,0|0,0,0|0,0,0|0,0,0|0,0,0|0,0,0|0,0,0|0,0,0|0,0,0|0,0,0|0,0,0|0,0,0|0,0,0|93,150,255|93,150,255|93,150,255|93,150,255|93,150,255|93,150,255|93,150,255|93,150,255|93,150,255|93,150,255|93,150,255|93,150,255|93,150,255|69,0,158|0,0,0]
ROW_03: [0,0,0|93,150,255|0,0,170|0,0,0|0,0,0|93,150,255|93,150,255|0,0,170|0,0,170|0,0,170|93,150,255|93,150,255|93,150,255|0,0,170|0,0,0|0,0,0|0,0,0|0,0,0|0,0,0|0,0,170|0,0,170|0,0,0|0,0,0|0,0,0|0,0,0|0,0,0|0,0,0|0,0,0|0,0,0|0,0,0|0,0,0|0,0,0|0,0,0|0,0,0|0,0,0|0,0,0|0,0,0|0,0,0|0,0,0|0,0,0|0,0,0|0,0,0|0,0,0|0,0,0|0,0,0|0,0,0|93,150,255|93,150,255|93,150,255|0,0,170|0,0,0|0,0,0|0,0,0|0,0,0|0,0,0|0,0,0|0,0,0|93,150,255|0,0,170|0,0,0|0,0,0|93,150,255|93,150,255|0,0,170|0,0,170|0,0,170|93,150,255|93,150,255|93,150,255|0,0,170|0,0,0|0,0,0|0,0,0|0,0,0|0,0,0|0,0,0|0,0,0|0,0,0|0,0,0|0,0,0|0,0,0|0,0,0|0,0,0|0,0,0|0,0,0|0,0,0|0,0,0|0,0,0|0,0,0|0,0,0|0,0,0|0,0,0|0,0,0|0,0,0|0,0,0|0,0,0|0,0,0|0,0,0|0,0,0|0,0,0|0,0,0|0,0,0|0,0,0|0,0,0|0,0,0|0,0,0|0,0,0|0,0,0|0,0,0|0,0,0|0,0,0|0,0,0|0,0,0|0,0,0|0,0,0|0,0,0|0,0,0|0,0,0|0,0,0|0,0,0|0,0,0|0,0,0|0,0,0|0,0,0|0,0,0|0,0,0|0,0,0|0,0,0|0,0,0|0,0,0|0,0,0|0,0,0|0,0,0|0,0,0|0,0,0|0,0,0|0,0,0|0,0,0|0,0,0|0,0,0|0,0,0|0,0,0|0,0,0|0,0,0|0,0,0|93,150,255|93,150,255|69,0,158|69,0,158|93,150,255|93,150,255|69,0,158|69,0,158|93,150,255|93,150,255|69,0,158|69,0,158|69,0,158|0,0,0|0,0,0]
ROW_04: [0,0,0|93,150,255|0,0,170|0,0,0|0,0,0|0,0,0|0,0,170|93,150,255|0,0,170|0,0,170|0,0,170|0,0,170|0,0,170|0,0,0|0,0,0|0,0,0|0,0,0|0,0,0|93,150,255|93,150,255|0,0,170|0,0,170|0,0,0|0,0,0|0,0,0|0,0,0|0,0,0|0,0,0|0,0,0|0,0,0|0,0,0|0,0,0|0,0,0|0,0,0|0,0,0|0,0,0|0,0,0|0,0,0|0,0,0|0,0,0|0,0,0|0,0,0|0,0,0|0,0,0|0,0,0|93,150,255|93,150,255|93,150,255|0,0,170|0,0,0|0,0,0|0,0,0|0,0,0|0,0,0|0,0,0|0,0,0|0,0,0|93,150,255|0,0,170|0,0,0|0,0,0|0,0,0|0,0,170|93,150,255|0,0,170|0,0,170|0,0,170|0,0,170|0,0,170|0,0,0|0,0,0|0,0,0|0,0,0|0,0,0|0,0,0|0,0,0|0,0,0|0,0,0|0,0,0|0,0,0|0,0,0|0,0,0|0,0,0|0,0,0|0,0,0|0,0,0|0,0,0|0,0,0|0,0,0|0,0,0|0,0,0|0,0,0|0,0,0|0,0,0|0,0,0|0,0,0|0,0,0|0,0,0|0,0,0|0,0,0|0,0,0|0,0,0|0,0,0|0,0,0|0,0,0|0,0,0|0,0,0|0,0,0|0,0,0|0,0,0|0,0,0|0,0,0|0,0,0|0,0,0|0,0,0|0,0,0|0,0,0|0,0,0|0,0,0|0,0,0|0,0,0|0,0,0|0,0,0|0,0,0|0,0,0|0,0,0|0,0,0|0,0,0|0,0,0|0,0,0|0,0,0|0,0,0|0,0,0|0,0,0|0,0,0|0,0,0|0,0,0|0,0,0|0,0,0|0,0,0|0,0,0|0,0,0|0,0,0|0,0,0|0,0,0|93,150,255|93,150,255|0,0,0|93,150,255|93,150,255|93,150,255|0,0,0|93,150,255|93,150,255|69,0,158|0,0,0|0,0,0|0,0,0|0,0,0|0,0,0]
ROW_05: [0,0,0|93,150,255|0,0,170|0,0,170|0,0,0|0,0,0|0,0,170|93,150,255|0,0,170|0,0,0|0,0,0|0,0,0|0,0,0|0,0,0|0,0,0|0,0,0|0,0,0|0,0,0|0,0,0|0,0,170|0,0,170|0,0,0|0,0,0|0,0,0|0,0,0|0,0,0|0,0,0|0,0,0|0,0,0|0,0,0|0,0,0|0,0,0|0,0,0|0,0,0|0,0,0|0,0,0|0,0,0|0,0,0|0,0,0|0,0,0|0,0,0|0,0,0|0,0,0|0,0,0|93,150,255|0,0,170|93,150,255|93,150,255|0,0,170|0,0,0|0,0,0|0,0,0|0,0,0|0,0,0|0,0,0|0,0,0|0,0,0|93,150,255|0,0,170|0,0,170|0,0,0|0,0,0|0,0,170|93,150,255|0,0,170|0,0,0|0,0,0|0,0,0|0,0,0|0,0,0|0,0,0|0,0,0|0,0,0|0,0,0|0,0,0|0,0,0|0,0,0|0,0,0|0,0,0|0,0,0|0,0,0|0,0,0|0,0,0|0,0,0|0,0,0|0,0,0|0,0,0|0,0,0|0,0,0|0,0,0|0,0,0|0,0,0|0,0,0|0,0,0|93,150,255|0,0,170|0,0,0|0,0,0|0,0,0|0,0,0|0,0,0|0,0,0|0,0,0|0,0,0|0,0,0|0,0,0|0,0,0|0,0,0|0,0,0|0,0,0|0,0,0|0,0,0|0,0,0|0,0,0|0,0,0|0,0,0|0,0,0|0,0,0|0,0,0|0,0,0|0,0,0|0,0,0|0,0,0|0,0,0|0,0,0|0,0,0|0,0,0|0,0,0|0,0,0|0,0,0|0,0,0|0,0,0|0,0,0|0,0,0|0,0,0|0,0,0|0,0,0|0,0,0|0,0,0|0,0,0|0,0,0|0,0,0|0,0,0|0,0,0|93,150,255|93,150,255|93,150,255|0,0,0|93,150,255|93,150,255|0,0,0|0,0,0|93,150,255|93,150,255|0,0,0|0,0,0|0,0,0|0,0,0|0,0,0|0,0,0]
ROW_06: [0,0,0|0,0,0|93,150,255|0,0,170|0,0,170|0,0,170|0,0,170|93,150,255|93,150,255|93,150,255|93,150,255|0,0,0|0,0,0|0,0,0|0,0,0|0,0,0|0,0,0|0,0,0|0,0,0|0,0,0|0,0,0|0,0,0|0,0,0|0,0,0|0,0,0|0,0,0|0,0,0|0,0,0|0,0,0|0,0,0|0,0,0|0,0,0|0,0,0|0,0,0|0,0,0|0,0,0|0,0,0|0,0,0|0,0,0|0,0,0|0,0,0|0,0,0|0,0,0|93,150,255|0,0,0|93,150,255|93,150,255|0,0,170|0,0,0|0,0,0|0,0,0|0,0,0|0,0,0|0,0,0|0,0,0|0,0,0|0,0,0|0,0,0|93,150,255|0,0,170|0,0,170|0,0,170|0,0,170|93,150,255|93,150,255|93,150,255|93,150,255|0,0,0|0,0,0|0,0,0|0,0,0|0,0,0|0,0,0|0,0,0|0,0,0|0,0,0|0,0,0|0,0,0|0,0,0|0,0,0|0,0,0|0,0,0|0,0,0|0,0,0|0,0,0|0,0,0|0,0,0|0,0,0|0,0,0|0,0,0|0,0,0|0,0,0|0,0,0|93,150,255|93,150,255|0,0,170|0,0,0|0,0,0|0,0,0|0,0,0|0,0,0|0,0,0|0,0,0|0,0,0|0,0,0|0,0,0|0,0,0|0,0,0|0,0,0|0,0,0|0,0,0|0,0,0|0,0,0|0,0,0|0,0,0|0,0,0|0,0,0|0,0,0|0,0,0|0,0,0|0,0,0|0,0,0|0,0,0|0,0,0|0,0,0|0,0,0|0,0,0|0,0,0|0,0,0|0,0,0|0,0,0|0,0,0|0,0,0|0,0,0|0,0,0|0,0,0|0,0,0|0,0,0|0,0,0|0,0,0|0,0,0|0,0,0|0,0,0|0,0,0|93,150,255|93,150,255|0,0,0|93,150,255|93,150,255|93,150,255|0,0,0|93,150,255|93,150,255|0,0,0|0,0,0|0,0,0|0,0,0|0,0,0|0,0,0|0,0,0]
ROW_07: [0,0,0|0,0,0|0,0,0|93,150,255|93,150,255|93,150,255|93,150,255|0,0,170|0,0,170|0,0,170|93,150,255|93,150,255|0,0,0|0,0,0|0,0,0|0,0,0|0,0,0|93,150,255|93,150,255|0,0,170|0,0,0|0,0,0|0,0,0|0,0,0|0,0,0|0,0,0|0,0,0|0,0,0|0,0,0|0,0,0|0,0,0|0,0,0|0,0,0|0,0,0|0,0,0|0,0,0|0,0,0|0,0,0|0,0,0|0,0,0|0,0,0|0,0,0|0,0,0|0,0,0|0,0,0|93,150,255|93,150,255|0,0,170|0,0,0|0,0,0|0,0,0|0,0,0|0,0,0|0,0,0|0,0,0|0,0,0|0,0,0|0,0,0|0,0,0|93,150,255|93,150,255|93,150,255|93,150,255|0,0,170|0,0,170|0,0,170|93,150,255|93,150,255|0,0,0|0,0,0|0,0,0|0,0,0|0,0,0|0,0,0|0,0,0|0,0,0|0,0,0|0,0,0|0,0,0|0,0,0|0,0,0|0,0,0|0,0,0|0,0,0|0,0,0|0,0,0|0,0,0|0,0,0|0,0,0|0,0,0|0,0,0|0,0,0|0,0,0|93,150,255|0,0,170|0,0,0|0,0,0|0,0,0|0,0,0|0,0,0|0,0,0|0,0,0|0,0,0|0,0,0|0,0,0|0,0,0|0,0,0|0,0,0|0,0,0|0,0,0|0,0,0|0,0,0|0,0,0|0,0,0|0,0,0|0,0,0|0,0,0|0,0,0|0,0,0|0,0,0|0,0,0|0,0,0|0,0,0|0,0,0|0,0,0|0,0,0|0,0,0|0,0,0|0,0,0|0,0,0|0,0,0|0,0,0|0,0,0|0,0,0|0,0,0|0,0,0|0,0,0|0,0,0|0,0,0|0,0,0|0,0,0|0,0,0|0,0,0|227,255,162|227,255,162|227,255,162|0,0,0|227,255,162|227,255,162|0,0,0|0,0,0|227,255,162|227,255,162|0,0,0|0,0,0|0,0,0|0,0,0|0,0,0|0,0,0|0,0,0]
ROW_08: [0,0,0|0,0,0|0,0,0|0,0,0|0,0,170|0,0,170|0,0,170|0,0,170|0,0,170|0,0,0|0,0,170|93,150,255|0,0,0|0,0,0|0,0,0|0,0,0|93,150,255|93,150,255|93,150,255|0,0,170|0,0,0|0,0,0|0,0,0|0,0,0|93,150,255|0,0,0|93,150,255|93,150,255|93,150,255|0,0,170|0,0,0|0,0,0|0,0,0|0,0,0|0,0,0|0,0,0|93,150,255|93,150,255|93,150,255|0,0,170|0,0,0|0,0,0|0,0,0|0,0,0|93,150,255|93,150,255|0,0,170|0,0,0|0,0,0|0,0,0|0,0,0|0,0,0|0,0,0|0,0,0|0,0,0|0,0,0|0,0,0|0,0,0|0,0,0|0,0,0|0,0,170|0,0,170|0,0,170|0,0,170|0,0,0|0,0,0|0,0,170|93,150,255|0,0,0|0,0,0|0,0,0|0,0,0|0,0,0|93,150,255|93,150,255|93,150,255|0,0,0|0,0,0|0,0,0|0,0,0|0,0,0|93,150,255|0,0,0|93,150,255|93,150,255|93,150,255|0,0,170|0,0,0|0,0,0|0,0,0|93,150,255|93,150,255|93,150,255|93,150,255|93,150,255|93,150,255|93,150,255|0,0,170|0,0,0|0,0,0|0,0,0|0,0,0|93,150,255|93,150,255|93,150,255|0,0,0|0,0,0|0,0,0|0,0,0|0,0,0|93,150,255|93,150,255|93,150,255|93,150,255|0,0,170|0,0,0|0,0,0|0,0,0|0,0,0|93,150,255|93,150,255|0,0,170|0,0,0|0,0,0|93,150,255|93,150,255|93,150,255|0,0,0|0,0,0|0,0,0|0,0,0|0,0,0|0,0,0|0,0,0|0,0,0|0,0,0|0,0,0|0,0,0|0,0,0|0,0,0|0,0,0|0,0,0|0,0,0|93,150,255|93,150,255|0,0,0|93,150,255|93,150,255|93,150,255|0,0,0|93,150,255|93,150,255|0,0,0|0,0,0|0,0,0|0,0,0|0,0,0|0,0,0|0,0,0|0,0,0]
ROW_09: [0,0,0|0,0,0|0,0,0|0,0,0|0,0,0|0,0,0|0,0,0|0,0,0|0,0,0|0,0,0|0,0,0|0,0,0|0,0,0|0,0,0|93,150,255|93,150,255|0,0,0|93,150,255|0,0,170|0,0,0|0,0,0|0,0,0|93,150,255|93,150,255|93,150,255|93,150,255|93,150,255|0,0,170|93,150,255|93,150,255|0,0,170|0,0,0|0,0,0|0,0,0|93,150,255|93,150,255|0,0,170|0,0,170|93,150,255|93,150,255|0,0,170|0,0,0|0,0,0|0,0,0|93,150,255|93,150,255|0,0,170|0,0,0|0,0,0|0,0,0|0,0,0|0,0,0|0,0,0|0,0,0|0,0,0|0,0,0|0,0,0|0,0,0|0,0,0|0,0,0|0,0,0|0,0,0|0,0,0|0,0,0|0,0,0|0,0,0|0,0,0|0,0,170|0,0,0|0,0,0|0,0,0|93,150,255|93,150,255|0,0,170|0,0,170|93,150,255|93,150,255|0,0,170|0,0,0|93,150,255|93,150,255|93,150,255|93,150,255|93,150,255|0,0,170|93,150,255|93,150,255|0,0,170|0,0,0|0,0,0|0,0,0|0,0,0|93,150,255|93,150,255|0,0,170|0,0,170|93,150,255|0,0,170|0,0,0|0,0,0|93,150,255|93,150,255|0,0,170|0,0,170|93,150,255|93,150,255|0,0,170|0,0,0|0,0,0|93,150,255|93,150,255|0,0,170|0,0,170|0,0,170|93,150,255|0,0,170|0,0,0|93,150,255|93,150,255|0,0,170|93,150,255|0,0,170|0,0,0|0,0,0|93,150,255|93,150,255|0,0,170|0,0,0|0,0,0|0,0,0|0,0,0|0,0,0|0,0,0|0,0,0|0,0,0|0,0,0|0,0,0|0,0,0|0,0,0|0,0,0|0,0,0|0,0,0|227,255,162|227,255,162|227,255,162|0,0,0|227,255,162|227,255,162|0,0,0|0,0,0|227,255,162|227,255,162|0,0,0|0,0,0|0,0,0|0,0,0|0,0,0|0,0,0|0,0,0|0,0,0]
ROW_10: [0,0,0|0,0,0|0,0,0|0,0,0|0,0,0|93,150,255|93,150,255|0,0,170|0,0,0|0,0,0|0,0,0|0,0,0|0,0,0|0,0,0|0,0,0|0,0,0|93,150,255|93,150,255|0,0,170|0,0,0|0,0,0|0,0,0|0,0,170|0,0,170|93,150,255|93,150,255|0,0,170|0,0,170|0,0,170|93,150,255|0,0,170|0,0,0|0,0,0|93,150,255|93,150,255|0,0,170|0,0,0|0,0,0|93,150,255|93,150,255|0,0,170|0,0,0|0,0,0|93,150,255|93,150,255|0,0,170|0,0,0|0,0,0|0,0,0|0,0,0|0,0,0|0,0,0|0,0,0|0,0,0|0,0,0|0,0,0|0,0,0|0,0,0|0,0,0|0,0,0|0,0,0|93,150,255|93,150,255|0,0,170|0,0,0|0,0,0|0,0,0|0,0,0|0,0,0|0,0,0|93,150,255|93,150,255|0,0,170|0,0,0|0,0,0|93,150,255|93,150,255|0,0,170|0,0,0|0,0,0|0,0,0|93,150,255|93,150,255|0,0,170|0,0,0|0,0,170|93,150,255|0,0,170|0,0,0|0,0,0|0,0,0|0,0,0|93,150,255|0,0,170|0,0,0|0,0,0|0,0,170|0,0,0|0,0,0|93,150,255|93,150,255|0,0,170|0,0,0|0,0,0|93,150,255|93,150,255|0,0,170|0,0,0|0,0,0|0,0,0|93,150,255|93,150,255|0,0,170|0,0,0|0,0,170|0,0,0|0,0,0|0,0,0|0,0,0|93,150,255|0,0,170|0,0,0|0,0,0|93,150,255|93,150,255|0,0,170|0,0,170|0,0,0|0,0,0|0,0,0|0,0,0|0,0,0|0,0,0|0,0,0|0,0,0|0,0,0|0,0,0|0,0,0|0,0,0|0,0,0|0,0,0|0,0,0|93,150,255|93,150,255|0,0,0|0,0,0|93,150,255|93,150,255|0,0,0|93,150,255|93,150,255|0,0,0|0,0,0|0,0,0|0,0,0|0,0,0|0,0,0|0,0,0|0,0,0|0,0,0]
ROW_11: [0,0,0|0,0,0|0,0,0|0,0,0|0,0,0|93,150,255|93,150,255|0,0,170|0,0,0|0,0,0|0,0,0|0,0,0|0,0,0|0,0,0|0,0,0|0,0,0|93,150,255|0,0,170|0,0,0|0,0,0|0,0,0|0,0,0|0,0,0|0,0,0|93,150,255|0,0,170|0,0,0|0,0,0|93,150,255|93,150,255|0,0,170|0,0,0|0,0,0|93,150,255|0,0,170|0,0,0|0,0,0|0,0,170|0,0,170|0,0,170|0,0,0|0,0,0|0,0,0|93,150,255|93,150,255|0,0,170|0,0,0|0,0,0|0,0,0|0,0,0|0,0,0|0,0,0|0,0,0|0,0,0|0,0,0|0,0,0|0,0,0|0,0,0|0,0,0|0,0,0|0,0,0|93,150,255|93,150,255|0,0,170|0,0,0|0,0,0|0,0,0|0,0,0|0,0,0|0,0,0|93,150,255|0,0,170|0,0,0|0,0,0|0,0,170|0,0,170|0,0,170|0,0,0|0,0,0|0,0,0|0,0,0|93,150,255|0,0,170|0,0,0|0,0,0|93,150,255|0,0,170|0,0,170|0,0,0|0,0,0|0,0,0|93,150,255|93,150,255|0,0,170|0,0,0|0,0,0|0,0,170|0,0,0|0,0,0|93,150,255|0,0,170|0,0,0|0,0,0|0,0,170|0,0,170|0,0,170|0,0,0|0,0,0|0,0,0|0,0,0|0,0,0|93,150,255|93,150,255|0,0,170|0,0,0|0,0,0|0,0,0|0,0,0|93,150,255|93,150,255|0,0,170|0,0,0|0,0,0|93,150,255|93,150,255|0,0,170|0,0,0|0,0,0|0,0,0|0,0,0|0,0,0|0,0,0|0,0,0|0,0,0|0,0,0|0,0,0|0,0,0|0,0,0|0,0,0|0,0,0|0,0,0|227,255,162|227,255,162|227,255,162|0,0,0|69,0,158|227,255,162|0,0,0|0,0,0|227,255,162|227,255,162|0,0,0|0,0,0|0,0,0|0,0,0|0,0,0|0,0,0|0,0,0|0,0,0|0,0,0]
ROW_12: [0,0,0|0,0,0|0,0,0|0,0,0|93,150,255|93,150,255|0,0,170|0,0,0|0,0,0|0,0,0|0,0,0|0,0,0|0,0,0|0,0,0|0,0,0|93,150,255|93,150,255|0,0,170|0,0,0|0,0,0|0,0,0|0,0,0|0,0,0|93,150,255|93,150,255|0,0,170|0,0,0|0,0,0|93,150,255|0,0,170|0,0,0|0,0,0|93,150,255|93,150,255|0,0,170|0,0,0|0,0,0|93,150,255|93,150,255|0,0,170|0,0,0|0,0,0|93,150,255|93,150,255|0,0,170|0,0,0|0,0,0|0,0,0|0,0,0|0,0,0|0,0,0|0,0,0|0,0,0|0,0,0|0,0,0|0,0,0|0,0,0|0,0,0|0,0,0|0,0,0|93,150,255|93,150,255|0,0,170|0,0,0|0,0,0|0,0,0|0,0,0|0,0,0|0,0,0|93,150,255|93,150,255|0,0,170|0,0,0|0,0,0|93,150,255|93,150,255|0,0,0|0,0,0|0,0,0|0,0,0|93,150,255|93,150,255|0,0,170|0,0,0|0,0,0|93,150,255|0,0,170|0,0,0|0,0,0|0,0,0|0,0,0|93,150,255|0,0,170|0,0,0|0,0,0|0,0,0|0,0,0|0,0,0|93,150,255|93,150,255|0,0,170|0,0,0|0,0,0|93,150,255|93,150,255|0,0,0|0,0,0|0,0,0|93,150,255|0,0,170|0,0,0|0,0,0|93,150,255|93,150,255|0,0,170|0,0,0|0,0,0|0,0,0|93,150,255|0,0,170|0,0,0|0,0,0|0,0,0|93,150,255|0,0,170|0,0,170|0,0,0|0,0,0|0,0,0|0,0,0|0,0,0|0,0,0|0,0,0|0,0,0|0,0,0|0,0,0|0,0,0|0,0,0|0,0,0|227,255,162|227,255,162|227,255,162|227,255,162|0,0,170|69,0,158|227,255,162|227,255,162|0,0,0|69,0,158|227,255,162|0,0,0|0,0,0|0,0,0|0,0,0|0,0,0|0,0,0|0,0,0|0,0,0|0,0,0|0,0,0]
ROW_13: [0,0,0|0,0,0|0,0,0|0,0,0|93,150,255|93,150,255|0,0,170|0,0,170|0,0,170|0,0,170|0,0,0|0,0,0|0,0,0|0,0,0|0,0,0|93,150,255|93,150,255|0,0,170|0,0,0|0,0,0|0,0,0|0,0,0|0,0,0|93,150,255|0,0,170|0,0,0|0,0,0|93,150,255|93,150,255|0,0,0|93,150,255|0,0,0|93,150,255|93,150,255|0,0,170|0,0,0|93,150,255|93,150,255|0,0,170|0,0,0|0,0,0|0,0,0|93,150,255|93,150,255|0,0,170|0,0,0|93,150,255|0,0,170|0,0,0|0,0,0|0,0,0|0,0,0|0,0,0|0,0,0|0,0,0|0,0,0|0,0,0|0,0,0|0,0,0|0,0,0|93,150,255|93,150,255|0,0,170|0,0,170|0,0,170|0,0,0|0,0,0|0,0,0|0,0,0|93,150,255|93,150,255|0,0,170|0,0,0|93,150,255|93,150,255|0,0,170|0,0,0|0,0,0|0,0,0|0,0,0|93,150,255|0,0,170|0,0,0|0,0,0|93,150,255|0,0,170|0,0,0|93,150,255|0,0,0|0,0,0|93,150,255|93,150,255|0,0,170|0,0,0|93,150,255|0,0,0|0,0,0|0,0,0|93,150,255|93,150,255|0,0,170|0,0,0|93,150,255|93,150,255|0,0,170|0,0,0|0,0,0|0,0,0|93,150,255|93,150,255|0,0,170|0,0,0|93,150,255|93,150,255|0,0,170|0,0,0|0,0,0|93,150,255|93,150,255|0,0,170|0,0,0|0,0,0|93,150,255|93,150,255|0,0,170|0,0,0|0,0,0|0,0,0|0,0,0|0,0,0|0,0,0|0,0,0|0,0,0|0,0,0|0,0,0|0,0,0|0,0,0|0,0,0|227,255,162|227,255,162|227,255,162|227,255,162|227,255,162|227,255,162|227,255,162|227,255,162|227,255,162|227,255,162|227,255,162|227,255,162|227,255,162|227,255,162|69,0,158|227,255,162|227,255,162|227,255,162|0,0,0|0,0,0|0,0,0|0,0,0]
ROW_14: [0,0,0|0,0,0|93,150,255|93,150,255|93,150,255|93,150,255|93,150,255|93,150,255|93,150,255|0,0,170|0,0,0|0,0,0|0,0,0|0,0,0|0,0,0|0,0,170|93,150,255|93,150,255|93,150,255|0,0,170|0,0,0|0,0,0|93,150,255|93,150,255|0,0,170|0,0,0|0,0,0|93,150,255|93,150,255|93,150,255|0,0,170|0,0,0|0,0,170|93,150,255|93,150,255|93,150,255|0,0,170|93,150,255|93,150,255|93,150,255|0,0,0|0,0,0|0,0,170|93,150,255|93,150,255|93,150,255|0,0,170|0,0,0|0,0,0|0,0,0|0,0,0|0,0,0|0,0,0|0,0,0|0,0,0|0,0,0|0,0,0|0,0,0|93,150,255|93,150,255|93,150,255|93,150,255|93,150,255|93,150,255|0,0,170|0,0,0|0,0,0|0,0,0|0,0,0|0,0,170|93,150,255|93,150,255|93,150,255|0,0,170|93,150,255|93,150,255|93,150,255|0,0,0|0,0,0|93,150,255|93,150,255|0,0,170|0,0,0|0,0,0|93,150,255|93,150,255|93,150,255|0,0,170|0,0,0|0,0,0|0,0,170|93,150,255|93,150,255|93,150,255|0,0,170|0,0,170|0,0,0|0,0,0|0,0,170|93,150,255|93,150,255|93,150,255|0,0,170|93,150,255|93,150,255|93,150,255|0,0,0|0,0,0|0,0,170|93,150,255|93,150,255|93,150,255|93,150,255|0,0,170|0,0,170|0,0,0|0,0,0|93,150,255|93,150,255|0,0,170|0,0,170|93,150,255|93,150,255|0,0,170|0,0,170|0,0,0|0,0,0|0,0,0|0,0,0|0,0,0|0,0,0|0,0,0|0,0,0|0,0,0|0,0,0|0,0,0|0,0,0|227,255,162|0,0,0|0,0,0|0,0,0|227,255,162|227,255,162|227,255,162|227,255,162|227,255,162|227,255,162|227,255,162|227,255,162|227,255,162|227,255,162|227,255,162|227,255,162|0,0,0|0,0,0|0,0,0|0,0,0|0,0,0|0,0,0|0,0,0]
ROW_15: [0,0,0|0,0,0|0,0,170|0,0,170|0,0,170|0,0,170|0,0,170|0,0,170|0,0,170|0,0,0|0,0,0|0,0,0|0,0,0|0,0,0|0,0,0|0,0,0|0,0,170|0,0,170|0,0,170|0,0,170|0,0,0|0,0,0|0,0,170|0,0,170|0,0,0|0,0,0|0,0,0|0,0,0|0,0,170|0,0,170|0,0,0|0,0,0|0,0,0|0,0,170|0,0,170|0,0,170|0,0,0|0,0,170|0,0,170|0,0,0|0,0,0|0,0,0|0,0,0|0,0,170|0,0,170|0,0,170|0,0,0|0,0,0|0,0,0|0,0,0|0,0,0|0,0,0|0,0,0|0,0,0|0,0,0|0,0,0|0,0,0|0,0,0|0,0,170|0,0,170|0,0,170|0,0,170|0,0,170|0,0,170|0,0,170|0,0,0|0,0,0|0,0,0|0,0,0|0,0,0|0,0,170|0,0,170|0,0,170|0,0,0|0,0,170|0,0,170|0,0,0|0,0,0|0,0,0|0,0,170|0,0,170|0,0,0|0,0,0|0,0,0|0,0,0|0,0,170|0,0,170|0,0,0|0,0,0|0,0,0|0,0,0|0,0,170|0,0,170|0,0,170|0,0,170|0,0,0|0,0,0|0,0,0|0,0,0|0,0,170|0,0,170|0,0,170|0,0,0|0,0,170|0,0,170|0,0,0|0,0,0|0,0,0|0,0,0|0,0,170|0,0,170|0,0,170|0,0,170|0,0,170|0,0,0|0,0,0|0,0,0|0,0,0|93,150,255|93,150,255|93,150,255|93,150,255|93,150,255|0,0,170|0,0,0|0,0,0|0,0,0|0,0,0|0,0,0|0,0,0|0,0,0|0,0,0|0,0,0|0,0,0|0,0,0|0,0,0|0,0,0|0,0,0|0,0,0|0,0,0|0,0,0|0,0,0|0,0,0|227,255,162|227,255,162|227,255,162|227,255,162|227,255,162|227,255,162|227,255,162|0,0,0|0,0,0|0,0,0|0,0,0|0,0,0|0,0,0|0,0,0|0,0,0|0,0,0|0,0,0]

-- BG Palettes:
BG_PAL0: [0x39,0x2B,0x21,0x1B]
BG_PAL1: [0x0F,0x0F,0x03,0x22]
BG_PAL2: [0x0F,0x0F,0x08,0x27]
BG_PAL3: [0x0F,0x0F,0x02,0x22]

-- Sprite Palettes:
SPR_PAL0: [0x39,0x37,0x00,0x0F]
SPR_PAL1: [0x0F,0x0F,0x0F,0x0F]
SPR_PAL2: [0x0F,0x0F,0x0F,0x27]
SPR_PAL3: [0x0F,0x0F,0x0F,0x0F]
